NumSensors: 4
NumLandmarks: 25
Type: RangeSensor
Name: g0
Quaternion: 0.148201 0.352822 -0.715169 0.584882
Translation: -0.730761 0.856135 2.82843
NumObservations: 25
0 1.41421 1.23721 3.85769
1 1.06066 1.18378 3.42916
2 0.707107 1.00646 2.93493
3 0.353553 0.987494 2.52467
4 0 1.33776 2.31024
5 1.06066 0.852489 4.05386
6 0.707107 0.490552 3.46172
7 0.353553 0.114759 2.86223
8 0 0.280406 2.54988
9 -0.353553 0.987494 2.52467
10 0.707107 0.343876 4.18432
11 0.353553 -0.216536 3.48692
12 0 -0.441726 2.9673
13 -0.353553 0.114759 2.86223
14 -0.707107 1.00646 2.93493
15 0.353553 -0.00639 4.39876
16 0 -0.382183 3.79927
17 -0.353553 -0.216536 3.48692
18 -0.707107 0.490552 3.46172
19 -1.06066 1.18378 3.42916
20 0 0.012581 4.80901
21 -0.353553 -0.00639 4.39876
22 -0.707107 0.343876 4.18432
23 -1.06066 0.852489 4.05386
24 -1.41421 1.23721 3.85769
Type: RangeSensor
Name: g1
Quaternion: 0.357788 0.851787 -0.296233 0.242266
Translation: -0.730761 0.17138 4.11962
NumObservations: 25
0 -0 1.8998 2.6083
1 -0.353553 1.51508 2.80447
2 -0.707107 1.00646 2.93493
3 -1.06066 0.656199 3.14937
4 -1.41421 0.675171 3.55963
5 0.353553 1.51508 2.80447
6 -0 0.821846 2.83702
7 -0.353553 0.114759 2.86223
8 -0.707107 -0.050888 3.17457
9 -1.06066 0.324904 3.77406
10 0.707107 1.00646 2.93493
11 0.353553 0.114759 2.86223
12 -0 -0.441726 2.9673
13 -0.353553 -0.216536 3.48692
14 -0.707107 0.343876 4.18432
15 1.06066 0.656199 3.14937
16 0.707107 -0.050888 3.17457
17 0.353553 -0.216536 3.48692
18 -0 0.159257 4.08641
19 -0.353553 0.521194 4.67855
20 1.41421 0.675171 3.55963
21 1.06066 0.324904 3.77406
22 0.707107 0.343876 4.18432
23 0.353553 0.521194 4.67855
24 0 0.57462 5.10708
Type: RangeSensor
Name: g2
Quaternion: 0.357788 0.851787 0.296233 -0.242266
Translation: 0.730761 0.17138 4.11962
NumObservations: 25
0 -1.41421 1.23721 3.85769
1 -1.06066 0.852489 4.05386
2 -0.707107 0.343876 4.18432
3 -0.353553 -0.00639 4.39876
4 0 0.012581 4.80901
5 -1.06066 1.18378 3.42916
6 -0.707107 0.490552 3.46172
7 -0.353553 -0.216536 3.48692
8 0 -0.382183 3.79927
9 0.353553 -0.00639 4.39876
10 -0.707107 1.00646 2.93493
11 -0.353553 0.114759 2.86223
12 0 -0.441726 2.9673
13 0.353553 -0.216536 3.48692
14 0.707107 0.343876 4.18432
15 -0.353553 0.987494 2.52467
16 0 0.280406 2.54988
17 0.353553 0.114759 2.86223
18 0.707107 0.490552 3.46172
19 1.06066 0.852489 4.05386
20 0 1.33776 2.31024
21 0.353553 0.987494 2.52467
22 0.707107 1.00646 2.93493
23 1.06066 1.18378 3.42916
24 1.41421 1.23721 3.85769
Type: RangeSensor
Name: g3
Quaternion: 0.148201 0.352822 0.715169 -0.584882
Translation: 0.730761 0.856134 2.82843
NumObservations: 25
0 0 0.57462 5.10708
1 0.353553 0.521194 4.67855
2 0.707107 0.343876 4.18432
3 1.06066 0.324904 3.77406
4 1.41421 0.675171 3.55963
5 -0.353553 0.521194 4.67855
6 -0 0.159257 4.08641
7 0.353553 -0.216536 3.48692
8 0.707107 -0.050888 3.17457
9 1.06066 0.656199 3.14937
10 -0.707107 0.343876 4.18432
11 -0.353553 -0.216536 3.48692
12 -0 -0.441726 2.9673
13 0.353553 0.114759 2.86223
14 0.707107 1.00646 2.93493
15 -1.06066 0.324904 3.77406
16 -0.707107 -0.050888 3.17457
17 -0.353553 0.114759 2.86223
18 -0 0.821846 2.83702
19 0.353553 1.51508 2.80447
20 -1.41421 0.675171 3.55963
21 -1.06066 0.656199 3.14937
22 -0.707107 1.00646 2.93493
23 -0.353553 1.51508 2.80447
24 -0 1.8998 2.6083
Landmarks:
-1 -2.18227 -0.207931
-1 -1.63244 -0.112105
-1 -1.0428 0.118189
-1 -0.504042 0.176619
-1 -0.0839374 -0.165704
-0.5 -2.11187 0.0298413
-0.5 -1.4629 0.460513
-0.5 -0.809483 0.906222
-0.5 -0.330053 0.764275
-0.5 -0.0246114 0.0346731
2.13924e-10 -2.00166 0.402082
-3.22554e-10 -1.28891 1.04817
-6.26273e-10 -0.683889 1.33042
-3.87226e-10 -0.330053 0.764276
8.4592e-11 -0.0839374 -0.165704
0.5 -1.94233 0.602459
0.5 -1.28891 1.04817
0.5 -0.809483 0.906222
0.5 -0.504042 0.17662
0.5 -0.194148 -0.537945
1 -2.00166 0.402082
1 -1.4629 0.460513
1 -1.0428 0.118189
1 -0.673579 -0.395998
1 -0.264546 -0.775717
