NumSensors: 4
NumLandmarks: 25
Type: RangeSensor
Name: g0
Quaternion: 0.197273 -0.327918 0.791663 -0.476259
Translation: -2.000000 2.000000 3.000000
NumObservations: 25
0 1.414214 1.237209 3.857691
1 1.060660 1.183784 3.429163
2 0.707107 1.006465 2.934930
3 0.353553 0.987494 2.524674
4 0.000000 1.337760 2.310235
5 1.060660 0.852489 4.053858
6 0.707107 0.490552 3.461716
7 0.353553 0.114759 2.862227
8 0.000000 0.280406 2.549880
9 -0.353553 0.987494 2.524674
10 0.707107 0.343876 4.184320
11 0.353553 -0.216536 3.486922
12 0.000000 -0.441726 2.967301
13 -0.353553 0.114759 2.862227
14 -0.707107 1.006465 2.934930
15 0.353553 -0.006390 4.398759
16 0.000000 -0.382183 3.799270
17 -0.353553 -0.216536 3.486922
18 -0.707107 0.490552 3.461716
19 -1.060660 1.183784 3.429163
20 0.000000 0.012581 4.809015
21 -0.353553 -0.006390 4.398759
22 -0.707107 0.343876 4.184320
23 -1.060660 0.852489 4.053858
24 -1.414214 1.237209 3.857691
Type: RangeSensor
Name: g1
Quaternion: 0.476259 -0.791663 0.327918 -0.197273
Translation: -2.000000 -2.000000 3.000000
NumObservations: 25
0 -0.000000 1.899798 2.608301
1 -0.353553 1.515078 2.804468
2 -0.707107 1.006465 2.934930
3 -1.060660 0.656199 3.149369
4 -1.414214 0.675171 3.559625
5 0.353553 1.515078 2.804468
6 -0.000000 0.821846 2.837021
7 -0.353553 0.114759 2.862227
8 -0.707107 -0.050888 3.174575
9 -1.060660 0.324904 3.774064
10 0.707107 1.006465 2.934930
11 0.353553 0.114759 2.862227
12 -0.000000 -0.441726 2.967301
13 -0.353553 -0.216536 3.486922
14 -0.707107 0.343876 4.184320
15 1.060660 0.656199 3.149369
16 0.707107 -0.050888 3.174575
17 0.353553 -0.216536 3.486922
18 -0.000000 0.159257 4.086412
19 -0.353553 0.521194 4.678553
20 1.414214 0.675171 3.559625
21 1.060660 0.324904 3.774064
22 0.707107 0.343876 4.184320
23 0.353553 0.521194 4.678553
24 0.000000 0.574620 5.107082
Type: RangeSensor
Name: g2
Quaternion: 0.476259 -0.791663 -0.327918 0.197273
Translation: 2.000000 -2.000000 3.000000
NumObservations: 25
0 -1.414214 1.237209 3.857691
1 -1.060660 0.852489 4.053858
2 -0.707107 0.343876 4.184320
3 -0.353553 -0.006390 4.398759
4 0.000000 0.012581 4.809015
5 -1.060660 1.183784 3.429163
6 -0.707107 0.490552 3.461716
7 -0.353553 -0.216536 3.486922
8 0.000000 -0.382183 3.799270
9 0.353553 -0.006390 4.398759
10 -0.707107 1.006465 2.934930
11 -0.353553 0.114759 2.862227
12 0.000000 -0.441726 2.967301
13 0.353553 -0.216536 3.486922
14 0.707107 0.343876 4.184320
15 -0.353553 0.987494 2.524674
16 0.000000 0.280406 2.549880
17 0.353553 0.114759 2.862227
18 0.707107 0.490552 3.461716
19 1.060660 0.852489 4.053858
20 0.000000 1.337760 2.310235
21 0.353553 0.987494 2.524674
22 0.707107 1.006465 2.934930
23 1.060660 1.183784 3.429163
24 1.414214 1.237209 3.857691
Type: RangeSensor
Name: g3
Quaternion: 0.197273 -0.327918 -0.791663 0.476259
Translation: 2.000000 2.000000 3.000000
NumObservations: 25
0 0.000000 0.574620 5.107082
1 0.353553 0.521194 4.678553
2 0.707107 0.343876 4.184320
3 1.060660 0.324904 3.774064
4 1.414214 0.675171 3.559625
5 -0.353553 0.521194 4.678553
6 -0.000000 0.159257 4.086412
7 0.353553 -0.216536 3.486922
8 0.707107 -0.050888 3.174575
9 1.060660 0.656199 3.149369
10 -0.707107 0.343876 4.184320
11 -0.353553 -0.216536 3.486922
12 -0.000000 -0.441726 2.967301
13 0.353553 0.114759 2.862227
14 0.707107 1.006465 2.934930
15 -1.060660 0.324904 3.774064
16 -0.707107 -0.050888 3.174575
17 -0.353553 0.114759 2.862227
18 -0.000000 0.821846 2.837021
19 0.353553 1.515078 2.804468
20 -1.414214 0.675171 3.559625
21 -1.060660 0.656199 3.149369
22 -0.707107 1.006465 2.934930
23 -0.353553 1.515078 2.804468
24 -0.000000 1.899798 2.608301
Landmarks:
-1.000000 -1.000000 0.099574
-1.000000 -0.500000 0.347548
-1.000000 0.000000 0.735759
-1.000000 0.500000 0.944733
-1.000000 1.000000 0.735759
-0.500000 -1.000000 0.347548
-0.500000 -0.500000 0.944733
-0.500000 0.000000 1.557602
-0.500000 0.500000 1.557602
-0.500000 1.000000 0.944733
0.000000 -1.000000 0.735759
0.000000 -0.500000 1.557602
0.000000 0.000000 2.000000
0.000000 0.500000 1.557602
0.000000 1.000000 0.735759
0.500000 -1.000000 0.944733
0.500000 -0.500000 1.557602
0.500000 0.000000 1.557602
0.500000 0.500000 0.944733
0.500000 1.000000 0.347548
1.000000 -1.000000 0.735759
1.000000 -0.500000 0.944733
1.000000 0.000000 0.735759
1.000000 0.500000 0.347548
1.000000 1.000000 0.099574
